3.600000000000000000e+01
1.440000000000000000e+02
9.000000000000000000e+01
6.100000000000000000e+01
8.400000000000000000e+01
2.900000000000000000e+01
3.600000000000000000e+01
8.700000000000000000e+01
2.160000000000000000e+02
8.700000000000000000e+01
7.400000000000000000e+01
8.100000000000000000e+01
7.000000000000000000e+01
1.180000000000000000e+02
1.090000000000000000e+02
3.300000000000000000e+01
5.300000000000000000e+01
1.670000000000000000e+02
7.600000000000000000e+01
2.900000000000000000e+01
1.319000000000000000e+03
3.800000000000000000e+01
1.360000000000000000e+02
4.800000000000000000e+01
4.890000000000000000e+02
1.230000000000000000e+02
5.460000000000000000e+02
6.200000000000000000e+01
8.400000000000000000e+01
4.000000000000000000e+01
3.200000000000000000e+01
7.500000000000000000e+01
6.700000000000000000e+01
1.150000000000000000e+02
2.550000000000000000e+02
8.300000000000000000e+01
1.370000000000000000e+02
1.200000000000000000e+01
4.300000000000000000e+01
2.000000000000000000e+01
7.600000000000000000e+02
2.500000000000000000e+01
1.800000000000000000e+01
2.630000000000000000e+02
1.900000000000000000e+02
3.400000000000000000e+01
1.616000000000000000e+03
1.810000000000000000e+02
5.600000000000000000e+01
5.300000000000000000e+01
4.910000000000000000e+02
3.260000000000000000e+02
8.700000000000000000e+01
5.000000000000000000e+00
1.800000000000000000e+01
4.800000000000000000e+01
1.530000000000000000e+02
3.800000000000000000e+01
6.160000000000000000e+02
3.100000000000000000e+01
1.270000000000000000e+02
8.610000000000000000e+02
1.320000000000000000e+02
1.110000000000000000e+02
6.940000000000000000e+02
5.500000000000000000e+01
2.800000000000000000e+01
8.500000000000000000e+01
1.790000000000000000e+02
9.700000000000000000e+01
5.700000000000000000e+01
1.120000000000000000e+02
7.020000000000000000e+02
3.500000000000000000e+01
7.500000000000000000e+01
1.170000000000000000e+02
8.600000000000000000e+01
8.800000000000000000e+01
2.050000000000000000e+02
9.700000000000000000e+01
1.680000000000000000e+02
2.900000000000000000e+01
5.900000000000000000e+01
2.690000000000000000e+02
1.500000000000000000e+02
2.049000000000000000e+03
1.230000000000000000e+02
1.430000000000000000e+02
1.300000000000000000e+02
1.380000000000000000e+02
4.300000000000000000e+01
3.500000000000000000e+01
7.500000000000000000e+01
8.100000000000000000e+01
1.950000000000000000e+02
4.810000000000000000e+02
7.100000000000000000e+01
1.520000000000000000e+02
4.500000000000000000e+01
6.500000000000000000e+01
2.900000000000000000e+01
4.700000000000000000e+01
1.382000000000000000e+03
8.600000000000000000e+01
2.600000000000000000e+01
9.600000000000000000e+01
1.320000000000000000e+02
1.000000000000000000e+01
2.010000000000000000e+03
1.470000000000000000e+02
1.178000000000000000e+03
